0.938665
0.956916
0.970148
0.992476
0.902067
0.984194
0.933029
0.831435
0.980903
0.977005
0.986973
0.933958
0.970121
0.965836
0.964791
0.972560
0.891770
0.983458
0.903316
0.977436
0.988187
0.990998
0.991856
0.976032
0.983750
0.953086
0.949700
0.984874
0.840979
0.983105
0.931401
0.970917
0.990214
0.978366
0.999418
0.955572
0.979562
0.975615
0.961161
0.945495
0.927560
0.838741
0.891329
0.928715
0.927560
0.838741
0.891329
0.928715
0.883085
0.988519
0.989758
0.988865
0.954315
0.948960
0.922992
0.984364
0.984500
0.948058
0.998576
0.995238
0.967842
0.982022
0.986041
0.960770
0.955926
0.996073
0.994289
0.983697
0.983399
0.995144
0.964625
0.952831
0.985398
0.986572
0.965958
0.955784
0.974172
0.980416
0.989344
0.983424
0.980922
0.954092
0.988850
0.992280
0.987517
0.991400
0.978531
0.982876
0.986356
0.987738
0.993421
0.988306
0.983079
0.946154
0.992734
0.990959
0.968125
0.991234
0.971159
0.978115
0.978912
0.968949
0.975370
0.986339
0.943482
0.926444
0.933732
0.983987
0.993229
0.940552
0.979868
0.984399
0.978828
0.912841
0.962448
0.989372
0.974454
0.876492
0.980815
0.989848
0.994511
0.942922
0.987585
0.964536
0.985243
0.987183
0.974187
0.973764
0.975920
0.992818
0.992211
0.947602
0.964662
0.964905
0.918547
0.985978
0.972383
0.983542
0.982033
0.975838
0.868995
0.997762
0.993058
0.973202
0.922944
0.950257
0.982294
0.987517
0.968553
0.970457
0.940716
0.983199
0.979521
0.967460
0.947003
0.977181
0.971968
0.992993
0.990041
0.986445
0.986563
0.987119
0.939751
0.962649
0.984508
0.997908
0.956580
0.982149
0.986715
0.937274
0.968926
0.980940
0.994940
0.934236
0.988391
0.976640
0.956190
0.985028
0.990089
0.974763
0.938991
0.969134
0.956599
0.950457
0.996433
0.999464
0.987455
0.988364
0.967282
0.994385
0.975589
0.986354
0.975885
0.973999
0.973988
0.956072
0.976167
0.991051
0.987794
0.987535
0.981599
0.967653
0.963633
0.931161
0.983407
0.958262
0.973216
0.981676
0.984974
0.986669
0.967808
0.984518
0.978046
0.994620
0.927560
0.838741
